00000000001
00000000010
00000000100
00000001000
00000010001
00000100011
00001000111
00010001110
00000011100
00000111000
00001110001
00011100011
00111000110
00110001101
00100011011
00000110110
00001101101
00011011010
00110110101
00101101010
00011010101
00110101011
00101010111
00010101110
00101011100
00010111000
00101110001
00011100010
00111000100
00110001001
00100010011
00000100110
00001001100
00010011001
00100110010
01001100100
00011001000
00110010001
01100100010
01001000101
00010001010
00100010100
01000101000
10001010000
00010100001
00101000010
01010000101
10100001010
01000010100
10000101000
00001010001
00010100010
00101000100
01010001001